8.271219874958895277e-04 3.909125503645660281e-04 4.228387621013461476e-04 3.857557825097189096e-04 3.729585060526864116e-04 3.563571078719754751e-04 3.457420203495281718e-04 3.342599578090342874e-04 3.155136439236864662e-04 2.847511581020033570e-04 2.768775846716948737e-04 2.706109063890593065e-04 2.210278736725930894e-04 1.917820880952291515e-04 1.794189812560644762e-04 1.826823110405903484e-04 9.011560480464455821e-05 8.871017392477828912e-05 -9.781472768571296543e-05 -4.331850482959877539e-04 1.131171776386745030e-04 -5.164056443280341455e-03
3.909125503645660281e-04 6.563682539827087265e-04 3.769563625454352019e-04 3.945819134162992172e-04 3.547004441885346433e-04 3.509019930696163198e-04 3.355535351513623424e-04 3.263653370000553673e-04 3.085135767637641412e-04 2.903621088975489196e-04 2.823318985853035283e-04 2.662148405569743077e-04 2.288359383163799310e-04 1.995439195848472045e-04 1.734993997017445758e-04 1.775775546249606473e-04 1.133757271210083465e-04 5.200763868823881720e-05 -1.165432764586915365e-04 -4.201184749061253080e-04 1.282016290386857652e-04 -5.202353808877483929e-03
4.228387621013461476e-04 3.769563625454352019e-04 6.051891627031753774e-04 3.803443832391486569e-04 3.978232218758150866e-04 3.615556040725181387e-04 3.635802479902074829e-04 3.432201866606726876e-04 3.321562439673787521e-04 3.127150719054899481e-04 2.963781928139380749e-04 2.795242538084174956e-04 2.365046829729423178e-04 2.087426405029201124e-04 1.928432042006107087e-04 2.006594288974664292e-04 1.160497292041148831e-04 9.299433762242506434e-05 -8.541697235019495948e-05 -3.929335908330100534e-04 1.462532844953188475e-04 -5.139984035943670135e-03
3.857557825097189096e-04 3.945819134162992172e-04 3.803443832391486569e-04 5.072833386941094083e-04 3.579357909853375934e-04 3.749435506678078798e-04 3.506003847080201171e-04 3.452221824187775212e-04 3.248047236099840416e-04 3.083861114566830873e-04 2.896413893763567738e-04 2.876723450425251434e-04 2.502602110861922870e-04 2.295420259818154731e-04 2.105400973044094844e-04 2.150465130327806874e-04 1.330560458753102184e-04 7.805921058951072005e-05 -9.044409476408194740e-05 -4.008283186774432038e-04 1.419512395308987474e-04 -5.119721696234313078e-03
3.729585060526864116e-04 3.547004441885346433e-04 3.978232218758150866e-04 3.579357909853375934e-04 5.080666186756537276e-04 3.493007220158788131e-04 3.714521644313601096e-04 3.382883193815318119e-04 3.334655604381505517e-04 3.109408289784295221e-04 2.941587256251553787e-04 2.964554689223591606e-04 2.606763222398379449e-04 2.359749631128171604e-04 2.253082095140485986e-04 2.321116006488333113e-04 1.322024273423171243e-04 9.560662618699024620e-05 -6.989024296991896122e-05 -3.907267159843735003e-04 1.477536447088401942e-04 -5.135599196837581197e-03
3.563571078719754751e-04 3.509019930696163198e-04 3.615556040725181387e-04 3.749435506678078798e-04 3.493007220158788131e-04 5.058034820586625006e-04 3.311711077213008508e-04 3.658329566656307909e-04 3.202542292729845092e-04 3.194007345656815679e-04 2.910675668455253761e-04 2.951925319777072760e-04 2.603465753827229165e-04 2.348017949004982928e-04 2.188826892848959478e-04 2.359312834535353168e-04 1.406232175436526190e-04 1.121003612334289801e-04 -7.415776433257691396e-05 -3.892655065426886747e-04 1.379916639789785840e-04 -5.084998424302784176e-03
3.457420203495281718e-04 3.355535351513623424e-04 3.635802479902074829e-04 3.506003847080201171e-04 3.714521644313601096e-04 3.311711077213008508e-04 5.442652362406982759e-04 3.278456602006567331e-04 3.459332831352181616e-04 3.115598045002180064e-04 3.077466555261506860e-04 3.055093592842210047e-04 2.640431338429333110e-04 2.477669338882599226e-04 2.305914785990829875e-04 2.429681667243734110e-04 1.501744831040256040e-04 1.077751014223074733e-04 -6.780660081675399502e-05 -3.996182152010877117e-04 1.526925707199611258e-04 -5.132325678757806119e-03
3.342599578090342874e-04 3.263653370000553673e-04 3.432201866606726876e-04 3.452221824187775212e-04 3.382883193815318119e-04 3.658329566656307909e-04 3.278456602006567331e-04 6.790238615756713286e-04 2.623913555962735663e-04 3.437985292562488297e-04 2.926064359390645204e-04 3.003192041766867431e-04 2.518046921453509111e-04 2.443752179404293386e-04 2.152487254941929024e-04 2.338899928803798924e-04 1.481933699272428050e-04 9.799165935471126920e-05 -9.215258552922732545e-05 -3.856524484224763431e-04 1.547912101435859253e-04 -5.084488224115651239e-03
3.155136439236864662e-04 3.085135767637641412e-04 3.321562439673787521e-04 3.248047236099840416e-04 3.334655604381505517e-04 3.202542292729845092e-04 3.459332831352181616e-04 2.623913555962735663e-04 6.748504110413778602e-04 2.758066484840842160e-04 3.334448964343856127e-04 2.784427641354928927e-04 2.701345349824421887e-04 2.262950346505908014e-04 2.214317073459147662e-04 2.263732228811859829e-04 1.948089513669207988e-04 1.164991540706036165e-04 -3.409995392850136240e-05 -3.820010148631946363e-04 1.652902158477877615e-04 -5.061803350431555437e-03
2.847511581020033570e-04 2.903621088975489196e-04 3.127150719054899481e-04 3.083861114566830873e-04 3.109408289784295221e-04 3.194007345656815679e-04 3.115598045002180064e-04 3.437985292562488297e-04 2.758066484840842160e-04 7.167143782403879266e-04 2.303591958229534418e-04 3.501886295239340957e-04 2.363438578291634400e-04 2.461939217940288223e-04 2.243883489567237129e-04 2.449485170788745503e-04 2.365409235135157234e-04 1.439554656950660599e-04 -2.897437469202317740e-05 -3.312923098689201404e-04 2.014745348763189521e-04 -5.163541889863833452e-03
2.768775846716948737e-04 2.823318985853035283e-04 2.963781928139380749e-04 2.896413893763567738e-04 2.941587256251553787e-04 2.910675668455253761e-04 3.077466555261506860e-04 2.926064359390645204e-04 3.334448964343856127e-04 2.303591958229534418e-04 8.429667357228496196e-04 2.158950051521305589e-04 3.678490500855323008e-04 2.283020583283149670e-04 2.568942601211094095e-04 2.562698393597449527e-04 2.041720759624454499e-04 1.224981177825572450e-04 -8.293091220457215356e-05 -3.677458391554865231e-04 1.591300004426959586e-04 -5.016322831038043210e-03
2.706109063890593065e-04 2.662148405569743077e-04 2.795242538084174956e-04 2.876723450425251434e-04 2.964554689223591606e-04 2.951925319777072760e-04 3.055093592842210047e-04 3.003192041766867431e-04 2.784427641354928927e-04 3.501886295239340957e-04 2.158950051521305589e-04 8.579534080995231994e-04 1.753854004438616524e-04 3.476296324474949977e-04 2.833774807420517115e-04 2.956899217257394829e-04 2.319337842825411767e-04 1.119742328183257439e-04 -7.968224353219321835e-05 -3.589172443965950765e-04 1.598979435932387999e-04 -5.017025602048272824e-03
2.210278736725930894e-04 2.288359383163799310e-04 2.365046829729423178e-04 2.502602110861922870e-04 2.606763222398379449e-04 2.603465753827229165e-04 2.640431338429333110e-04 2.518046921453509111e-04 2.701345349824421887e-04 2.363438578291634400e-04 3.678490500855323008e-04 1.753854004438616524e-04 1.111539798032625589e-03 3.135478424154804840e-04 3.673619031440451951e-04 3.166237169295871832e-04 2.621048264056859991e-04 1.025959038784365104e-04 -6.205061677028574042e-05 -3.729486275068177826e-04 1.361825465059909250e-04 -5.037853353124390095e-03
1.917820880952291515e-04 1.995439195848472045e-04 2.087426405029201124e-04 2.295420259818154731e-04 2.359749631128171604e-04 2.348017949004982928e-04 2.477669338882599226e-04 2.443752179404293386e-04 2.262950346505908014e-04 2.461939217940288223e-04 2.283020583283149670e-04 3.476296324474949977e-04 3.135478424154804840e-04 1.355958146398902105e-03 3.064399879461787344e-04 3.810399285006390679e-04 2.573850563899958660e-04 1.425080590563850111e-04 -1.389007165451892195e-04 -3.710654516944057952e-04 1.607790279042930256e-04 -5.009947252486207127e-03
1.794189812560644762e-04 1.734993997017445758e-04 1.928432042006107087e-04 2.105400973044094844e-04 2.253082095140485986e-04 2.188826892848959478e-04 2.305914785990829875e-04 2.152487254941929024e-04 2.214317073459147662e-04 2.243883489567237129e-04 2.568942601211094095e-04 2.833774807420517115e-04 3.673619031440451951e-04 3.064399879461787344e-04 1.288119554409403482e-03 4.553858944060044911e-04 4.758128124444555062e-04 8.029578225296017788e-05 -5.968641342184131406e-05 -3.131354143903634164e-04 1.980555442544534763e-04 -5.195885960600798471e-03
1.826823110405903484e-04 1.775775546249606473e-04 2.006594288974664292e-04 2.150465130327806874e-04 2.321116006488333113e-04 2.359312834535353168e-04 2.429681667243734110e-04 2.338899928803798924e-04 2.263732228811859829e-04 2.449485170788745503e-04 2.562698393597449527e-04 2.956899217257394829e-04 3.166237169295871832e-04 3.810399285006390679e-04 4.553858944060044911e-04 1.342719463179146326e-03 -8.670172064809898412e-05 4.054747946916201955e-04 -2.405427936093916378e-04 -3.693194145861202686e-04 1.740220469935040810e-04 -4.933335406010320480e-03
9.011560480464455821e-05 1.133757271210083465e-04 1.160497292041148831e-04 1.330560458753102184e-04 1.322024273423171243e-04 1.406232175436526190e-04 1.501744831040256040e-04 1.481933699272428050e-04 1.948089513669207988e-04 2.365409235135157234e-04 2.041720759624454499e-04 2.319337842825411767e-04 2.621048264056859991e-04 2.573850563899958660e-04 4.758128124444555062e-04 -8.670172064809898412e-05 2.340819273194351315e-03 1.284369382779028033e-04 3.355778995379990362e-04 -2.207229224912981040e-04 2.797768676956847523e-04 -5.360072444008916019e-03
8.871017392477828912e-05 5.200763868823881720e-05 9.299433762242506434e-05 7.805921058951072005e-05 9.560662618699024620e-05 1.121003612334289801e-04 1.077751014223074733e-04 9.799165935471126920e-05 1.164991540706036165e-04 1.439554656950660599e-04 1.224981177825572450e-04 1.119742328183257439e-04 1.025959038784365104e-04 1.425080590563850111e-04 8.029578225296017788e-05 4.054747946916201955e-04 1.284369382779028033e-04 2.738565194965622302e-03 2.170435295351085404e-05 -1.381871647849937932e-04 3.353132070476868903e-04 -4.783875726621565801e-03
-9.781472768571296543e-05 -1.165432764586915365e-04 -8.541697235019495948e-05 -9.044409476408194740e-05 -6.989024296991896122e-05 -7.415776433257691396e-05 -6.780660081675399502e-05 -9.215258552922732545e-05 -3.409995392850136240e-05 -2.897437469202317740e-05 -8.293091220457215356e-05 -7.968224353219321835e-05 -6.205061677028574042e-05 -1.389007165451892195e-04 -5.968641342184131406e-05 -2.405427936093916378e-04 3.355778995379990362e-04 2.170435295351085404e-05 7.342124059286778831e-03 5.027785459440957611e-04 -1.622658396752238615e-04 -6.251662390046405608e-03
-4.331850482959877539e-04 -4.201184749061253080e-04 -3.929335908330100534e-04 -4.008283186774432038e-04 -3.907267159843735003e-04 -3.892655065426886747e-04 -3.996182152010877117e-04 -3.856524484224763431e-04 -3.820010148631946363e-04 -3.312923098689201404e-04 -3.677458391554865231e-04 -3.589172443965950765e-04 -3.729486275068177826e-04 -3.710654516944057952e-04 -3.131354143903634164e-04 -3.693194145861202686e-04 -2.207229224912981040e-04 -1.381871647849937932e-04 5.027785459440957611e-04 5.381975399520761739e-03 2.951183884308556087e-03 -1.639093081930521282e-03
1.131171776386745030e-04 1.282016290386857652e-04 1.462532844953188475e-04 1.419512395308987474e-04 1.477536447088401942e-04 1.379916639789785840e-04 1.526925707199611258e-04 1.547912101435859253e-04 1.652902158477877615e-04 2.014745348763189521e-04 1.591300004426959586e-04 1.598979435932387999e-04 1.361825465059909250e-04 1.607790279042930256e-04 1.980555442544534763e-04 1.740220469935040810e-04 2.797768676956847523e-04 3.353132070476868903e-04 -1.622658396752238615e-04 2.951183884308556087e-03 4.602697936554793999e-03 -1.028972084176480069e-02
-5.164056443280341455e-03 -5.202353808877483929e-03 -5.139984035943670135e-03 -5.119721696234313078e-03 -5.135599196837581197e-03 -5.084998424302784176e-03 -5.132325678757806119e-03 -5.084488224115651239e-03 -5.061803350431555437e-03 -5.163541889863833452e-03 -5.016322831038043210e-03 -5.017025602048272824e-03 -5.037853353124390095e-03 -5.009947252486207127e-03 -5.195885960600798471e-03 -4.933335406010320480e-03 -5.360072444008916019e-03 -4.783875726621565801e-03 -6.251662390046405608e-03 -1.639093081930521282e-03 -1.028972084176480069e-02 1.154990066867492698e-01
