0.0008398974153832
0.0004041266822699
0.0004346682443017
0.0003949533715510
0.0003847274166369
0.0003671620463783
0.0003509680436339
0.0003444925924994
0.0003220756988294
0.0003085012094419
0.0002926026246090
0.0002713213020532
0.0002307791457165
0.0002074132986572
0.0001890464801081
0.0001965762446388
0.0001051287311058
0.0000832668738779
-0.0001056088360263
-0.0004098155795455
0.0001351218847908
-0.0054410616224649
0.0004041266822699
0.0006678510231788
0.0003880592942972
0.0004099281295421
0.0003674318225060
0.0003672973643679
0.0003462333146192
0.0003401610045553
0.0003205967084626
0.0003063884706741
0.0002976403837658
0.0002706659671763
0.0002291703325500
0.0002045136786798
0.0001876469555763
0.0001937383611199
0.0001071675166482
0.0000802935187331
-0.0001043698026735
-0.0004181396731068
0.0001345091158296
-0.0054296165807987
0.0004346682443017
0.0003880592942972
0.0006180977418697
0.0003919695141027
0.0004071047355826
0.0003774408122440
0.0003735417464089
0.0003577594550611
0.0003464526080281
0.0003300166608531
0.0003150210225254
0.0002900635465611
0.0002470595353871
0.0002199985026341
0.0002027653313844
0.0002107352894774
0.0001294181350138
0.0001106441245339
-0.0000860699972750
-0.0003926738638363
0.0001615499711650
-0.0054130815127460
0.0003949533715510
0.0004099281295421
0.0003919695141027
0.0005234221324627
0.0003705496897324
0.0003908559184969
0.0003592130495490
0.0003606338444192
0.0003345948643678
0.0003230575102249
0.0003103134194893
0.0002948512807037
0.0002539805115409
0.0002303234487852
0.0002150126890819
0.0002259923103597
0.0001318175871788
0.0001043559454382
-0.0000840003762192
-0.0003949895554661
0.0001567127194636
-0.0053728925020247
0.0003847274166369
0.0003674318225060
0.0004071047355826
0.0003705496897324
0.0005171902658419
0.0003629763666565
0.0003818043744400
0.0003514592612113
0.0003410367610208
0.0003234839761485
0.0003102218902120
0.0003040825305133
0.0002674773062860
0.0002464845683832
0.0002290226499457
0.0002426787809093
0.0001445467178660
0.0001143254586167
-0.0000745161952435
-0.0003866692269441
0.0001622884606718
-0.0053639828656141
0.0003671620463783
0.0003672973643679
0.0003774408122440
0.0003908559184969
0.0003629763666565
0.0005215309042365
0.0003432814803355
0.0003809998460385
0.0003318690110079
0.0003302764231401
0.0003109417484144
0.0003051913735482
0.0002652785965892
0.0002453368117389
0.0002298791449911
0.0002449131856122
0.0001483548804905
0.0001155487259178
-0.0000744648633913
-0.0003854000788544
0.0001649916202024
-0.0053525511458203
0.0003509680436339
0.0003462333146192
0.0003735417464089
0.0003592130495490
0.0003818043744400
0.0003432814803355
0.0005548170833067
0.0003397904603929
0.0003582386122401
0.0003235376052938
0.0003262158754726
0.0003082867523196
0.0002721961041278
0.0002489255745983
0.0002355714531568
0.0002466991341558
0.0001504217573735
0.0001162301277234
-0.0000732438254455
-0.0003828251964497
0.0001692195608608
-0.0053354871311495
0.0003444925924994
0.0003401610045553
0.0003577594550611
0.0003606338444192
0.0003514592612113
0.0003809998460385
0.0003397904603929
0.0006872593553515
0.0002784545798405
0.0003606541529586
0.0003049147533325
0.0003171466663311
0.0002631600070186
0.0002502123293587
0.0002321526986648
0.0002475183102895
0.0001552681945951
0.0001180562151776
-0.0000777393760048
-0.0003896189871860
0.0001665143626554
-0.0053761236883780
0.0003220756988294
0.0003205967084626
0.0003464526080281
0.0003345948643678
0.0003410367610208
0.0003318690110079
0.0003582386122401
0.0002784545798405
0.0006876174867228
0.0002926707622126
0.0003574582257855
0.0002928370097110
0.0002778023658160
0.0002338219933559
0.0002239042409773
0.0002401500642170
0.0002071917540410
0.0001493436796133
-0.0000586919106948
-0.0003631928311273
0.0001864060375243
-0.0053276337693697
0.0003085012094419
0.0003063884706741
0.0003300166608531
0.0003230575102249
0.0003234839761485
0.0003302764231401
0.0003235376052938
0.0003606541529586
0.0002926707622126
0.0007351782449424
0.0002441230605001
0.0003631584281880
0.0002559338867558
0.0002616443214569
0.0002404545359471
0.0002567155809367
0.0002463484009697
0.0001627701712508
-0.0000540588073909
-0.0003693904717500
0.0001817758598939
-0.0053683578603814
0.0002926026246090
0.0002976403837658
0.0003150210225254
0.0003103134194893
0.0003102218902120
0.0003109417484144
0.0003262158754726
0.0003049147533325
0.0003574582257855
0.0002441230605001
0.0008625878039315
0.0002204186504951
0.0003765053689499
0.0002446587119128
0.0002696970240470
0.0002653866761279
0.0002204706497068
0.0001351836870684
-0.0000681836183426
-0.0003777985745009
0.0001766274914748
-0.0053285513703914
0.0002713213020532
0.0002706659671763
0.0002900635465611
0.0002948512807037
0.0003040825305133
0.0003051913735482
0.0003082867523196
0.0003171466663311
0.0002928370097110
0.0003631584281880
0.0002204186504951
0.0008649594540340
0.0001866813404414
0.0003564964870856
0.0002875005449470
0.0003017047382582
0.0002515336363461
0.0001453512565827
-0.0000572798444300
-0.0003522789449002
0.0001851087528513
-0.0053035551694265
0.0002307791457165
0.0002291703325500
0.0002470595353871
0.0002539805115409
0.0002674773062860
0.0002652785965892
0.0002721961041278
0.0002631600070186
0.0002778023658160
0.0002559338867558
0.0003765053689499
0.0001866813404414
0.0011368159368060
0.0003228930141534
0.0003770410438902
0.0003326428380918
0.0002892068437387
0.0001414100704368
-0.0000512431616379
-0.0003853427077133
0.0001635600979370
-0.0053094378916234
0.0002074132986572
0.0002045136786798
0.0002199985026341
0.0002303234487852
0.0002464845683832
0.0002453368117389
0.0002489255745983
0.0002502123293587
0.0002338219933559
0.0002616443214569
0.0002446587119128
0.0003564964870856
0.0003228930141534
0.0013500123419914
0.0003144745338915
0.0003943141810940
0.0002573314032903
0.0001685540368126
-0.0000897738784982
-0.0003880201978550
0.0001651701649140
-0.0052797368359476
0.0001890464801081
0.0001876469555763
0.0002027653313844
0.0002150126890819
0.0002290226499457
0.0002298791449911
0.0002355714531568
0.0002321526986648
0.0002239042409773
0.0002404545359471
0.0002696970240470
0.0002875005449470
0.0003770410438902
0.0003144745338915
0.0012992476415167
0.0004659836035405
0.0004520205686657
0.0001016470047370
-0.0000334953117480
-0.0003804451357877
0.0001585124971694
-0.0053074240647144
0.0001965762446388
0.0001937383611199
0.0002107352894774
0.0002259923103597
0.0002426787809093
0.0002449131856122
0.0002466991341558
0.0002475183102895
0.0002401500642170
0.0002567155809367
0.0002653866761279
0.0003017047382582
0.0003326428380918
0.0003943141810940
0.0004659836035405
0.0013658896796456
-0.0000909345501079
0.0004266417549920
-0.0002179833396847
-0.0003896589747882
0.0002041253234187
-0.0051847502511979
0.0001051287311058
0.0001071675166482
0.0001294181350138
0.0001318175871788
0.0001445467178660
0.0001483548804905
0.0001504217573735
0.0001552681945951
0.0002071917540410
0.0002463484009697
0.0002204706497068
0.0002515336363461
0.0002892068437387
0.0002573314032903
0.0004520205686657
-0.0000909345501079
0.0023836216934815
0.0001147857873348
0.0003387234613527
-0.0002413871840696
0.0002637246868269
-0.0054928210149105
0.0000832668738779
0.0000802935187331
0.0001106441245339
0.0001043559454382
0.0001143254586167
0.0001155487259178
0.0001162301277234
0.0001180562151776
0.0001493436796133
0.0001627701712508
0.0001351836870684
0.0001453512565827
0.0001414100704368
0.0001685540368126
0.0001016470047370
0.0004266417549920
0.0001147857873348
0.0027850650707317
-0.0000076962197869
-0.0001915441013732
0.0003526170729825
-0.0050459665505889
-0.0001056088360263
-0.0001043698026735
-0.0000860699972750
-0.0000840003762192
-0.0000745161952435
-0.0000744648633913
-0.0000732438254455
-0.0000777393760048
-0.0000586919106948
-0.0000540588073909
-0.0000681836183426
-0.0000572798444300
-0.0000512431616379
-0.0000897738784982
-0.0000334953117480
-0.0002179833396847
0.0003387234613527
-0.0000076962197869
0.0073653145999442
0.0004474658009516
-0.0001466584335063
-0.0061798173610815
-0.0004098155795455
-0.0004181396731068
-0.0003926738638363
-0.0003949895554661
-0.0003866692269441
-0.0003854000788544
-0.0003828251964497
-0.0003896189871860
-0.0003631928311273
-0.0003693904717500
-0.0003777985745009
-0.0003522789449002
-0.0003853427077133
-0.0003880201978550
-0.0003804451357877
-0.0003896589747882
-0.0002413871840696
-0.0001915441013732
0.0004474658009516
0.0054342479519037
0.0030036125395631
-0.0014647533931725
0.0001351218847908
0.0001345091158296
0.0001615499711650
0.0001567127194636
0.0001622884606718
0.0001649916202024
0.0001692195608608
0.0001665143626554
0.0001864060375243
0.0001817758598939
0.0001766274914748
0.0001851087528513
0.0001635600979370
0.0001651701649140
0.0001585124971694
0.0002041253234187
0.0002637246868269
0.0003526170729825
-0.0001466584335063
0.0030036125395631
0.0046890130658058
-0.0105890528985323
-0.0054410616224648
-0.0054296165807987
-0.0054130815127460
-0.0053728925020247
-0.0053639828656141
-0.0053525511458203
-0.0053354871311495
-0.0053761236883780
-0.0053276337693697
-0.0053683578603814
-0.0053285513703914
-0.0053035551694265
-0.0053094378916234
-0.0052797368359476
-0.0053074240647144
-0.0051847502511979
-0.0054928210149105
-0.0050459665505890
-0.0061798173610816
-0.0014647533931725
-0.0105890528985323
0.1201754782089794