2.66210000e-02  2.27300000e-03  0.00000000e+00  0.00000000e+00 0.00000000e+00  0.00000000e+00  0.00000000e+00  0.00000000e+00 0.00000000e+00  0.00000000e+00  0.00000000e+00  0.00000000e+00 0.00000000e+00  0.00000000e+00  0.00000000e+00  0.00000000e+00 0.00000000e+00  0.00000000e+00  0.00000000e+00  0.00000000e+00 0.00000000e+00
2.27300000e-03  1.83020000e-02  0.00000000e+00  0.00000000e+00 0.00000000e+00  0.00000000e+00  0.00000000e+00  0.00000000e+00 0.00000000e+00  0.00000000e+00  0.00000000e+00  0.00000000e+00 0.00000000e+00  0.00000000e+00  0.00000000e+00  0.00000000e+00 0.00000000e+00  0.00000000e+00  0.00000000e+00  0.00000000e+00 0.00000000e+00
0.00000000e+00  0.00000000e+00  2.28971400e-02 -2.00698900e-02 2.64919500e-03  1.34867400e-02 -8.14016000e-03  1.02582900e-03 0.00000000e+00  0.00000000e+00  0.00000000e+00  0.00000000e+00 0.00000000e+00  0.00000000e+00  0.00000000e+00  0.00000000e+00 0.00000000e+00  0.00000000e+00  0.00000000e+00  0.00000000e+00 0.00000000e+00
0.00000000e+00  0.00000000e+00 -2.00698900e-02  3.38487300e-01 -8.52473100e-03 -1.60243500e-02  1.36524800e-01 -3.78778500e-03 0.00000000e+00  0.00000000e+00  0.00000000e+00  0.00000000e+00 0.00000000e+00  0.00000000e+00  0.00000000e+00  0.00000000e+00 0.00000000e+00  0.00000000e+00  0.00000000e+00  0.00000000e+00 0.00000000e+00
0.00000000e+00  0.00000000e+00  2.64919500e-03 -8.52473100e-03 2.03355000e-03  1.32555100e-03 -2.30211200e-03  8.11829000e-04 0.00000000e+00  0.00000000e+00  0.00000000e+00  0.00000000e+00 0.00000000e+00  0.00000000e+00  0.00000000e+00  0.00000000e+00 0.00000000e+00  0.00000000e+00  0.00000000e+00  0.00000000e+00 0.00000000e+00
0.00000000e+00  0.00000000e+00  1.34867400e-02 -1.60243500e-02 1.32555100e-03  3.21581300e-02 -2.00907700e-02  2.63226400e-03 0.00000000e+00  0.00000000e+00  0.00000000e+00  0.00000000e+00 0.00000000e+00  0.00000000e+00  0.00000000e+00  0.00000000e+00 0.00000000e+00  0.00000000e+00  0.00000000e+00  0.00000000e+00 0.00000000e+00
0.00000000e+00  0.00000000e+00 -8.14016000e-03  1.36524800e-01 -2.30211200e-03 -2.00907700e-02  2.31918400e-01 -5.51968900e-03 0.00000000e+00  0.00000000e+00  0.00000000e+00  0.00000000e+00 0.00000000e+00  0.00000000e+00  0.00000000e+00  0.00000000e+00 0.00000000e+00  0.00000000e+00  0.00000000e+00  0.00000000e+00 0.00000000e+00
0.00000000e+00  0.00000000e+00  1.02582900e-03 -3.78778500e-03 8.11829000e-04  2.63226400e-03 -5.51968900e-03  1.42289000e-03 0.00000000e+00  0.00000000e+00  0.00000000e+00  0.00000000e+00 0.00000000e+00  0.00000000e+00  0.00000000e+00  0.00000000e+00 0.00000000e+00  0.00000000e+00  0.00000000e+00  0.00000000e+00 0.00000000e+00
0.00000000e+00  0.00000000e+00  0.00000000e+00  0.00000000e+00 0.00000000e+00  0.00000000e+00  0.00000000e+00  0.00000000e+00 9.11399010e-02 -3.37887011e-02  2.46856110e-03  0.00000000e+00 0.00000000e+00  0.00000000e+00  0.00000000e+00  0.00000000e+00 0.00000000e+00  0.00000000e+00  0.00000000e+00  0.00000000e+00 0.00000000e+00
0.00000000e+00  0.00000000e+00  0.00000000e+00  0.00000000e+00 0.00000000e+00  0.00000000e+00  0.00000000e+00  0.00000000e+00 -3.37887011e-02  2.20091439e-01 -3.60883171e-03  0.00000000e+00 0.00000000e+00  0.00000000e+00  0.00000000e+00  0.00000000e+00 0.00000000e+00  0.00000000e+00  0.00000000e+00  0.00000000e+00 0.00000000e+00
0.00000000e+00  0.00000000e+00  0.00000000e+00  0.00000000e+00 0.00000000e+00  0.00000000e+00  0.00000000e+00  0.00000000e+00 2.46856110e-03 -3.60883171e-03  1.96162353e-03  0.00000000e+00 0.00000000e+00  0.00000000e+00  0.00000000e+00  0.00000000e+00 0.00000000e+00  0.00000000e+00  0.00000000e+00  0.00000000e+00 0.00000000e+00
0.00000000e+00  0.00000000e+00  0.00000000e+00  0.00000000e+00 0.00000000e+00  0.00000000e+00  0.00000000e+00  0.00000000e+00 0.00000000e+00  0.00000000e+00  0.00000000e+00  1.02884871e+00 1.34247650e-01  3.98975500e-02  0.00000000e+00  0.00000000e+00 0.00000000e+00  0.00000000e+00  0.00000000e+00  0.00000000e+00 0.00000000e+00
0.00000000e+00  0.00000000e+00  0.00000000e+00  0.00000000e+00 0.00000000e+00  0.00000000e+00  0.00000000e+00  0.00000000e+00 0.00000000e+00  0.00000000e+00  0.00000000e+00  1.34247650e-01 4.94761837e+00 -1.46984180e-01  0.00000000e+00  0.00000000e+00 0.00000000e+00  0.00000000e+00  0.00000000e+00  0.00000000e+00 0.00000000e+00
0.00000000e+00  0.00000000e+00  0.00000000e+00  0.00000000e+00 0.00000000e+00  0.00000000e+00  0.00000000e+00  0.00000000e+00 0.00000000e+00  0.00000000e+00  0.00000000e+00  3.98975500e-02 -1.46984180e-01  9.51341000e-03  0.00000000e+00  0.00000000e+00 0.00000000e+00  0.00000000e+00  0.00000000e+00  0.00000000e+00 0.00000000e+00
0.00000000e+00  0.00000000e+00  0.00000000e+00  0.00000000e+00 0.00000000e+00  0.00000000e+00  0.00000000e+00  0.00000000e+00 0.00000000e+00  0.00000000e+00  0.00000000e+00  0.00000000e+00 0.00000000e+00  0.00000000e+00  6.22741040e-01  1.42441800e-02 2.25684000e-02  0.00000000e+00  0.00000000e+00  0.00000000e+00 0.00000000e+00
0.00000000e+00  0.00000000e+00  0.00000000e+00  0.00000000e+00 0.00000000e+00  0.00000000e+00  0.00000000e+00  0.00000000e+00 0.00000000e+00  0.00000000e+00  0.00000000e+00  0.00000000e+00 0.00000000e+00  0.00000000e+00  1.42441800e-02  2.19526480e-01 -7.31532000e-03  0.00000000e+00  0.00000000e+00  0.00000000e+00 0.00000000e+00
0.00000000e+00  0.00000000e+00  0.00000000e+00  0.00000000e+00 0.00000000e+00  0.00000000e+00  0.00000000e+00  0.00000000e+00 0.00000000e+00  0.00000000e+00  0.00000000e+00  0.00000000e+00 0.00000000e+00  0.00000000e+00  2.25684000e-02 -7.31532000e-03 2.01957000e-03  0.00000000e+00  0.00000000e+00  0.00000000e+00 0.00000000e+00
0.00000000e+00  0.00000000e+00  0.00000000e+00  0.00000000e+00 0.00000000e+00  0.00000000e+00  0.00000000e+00  0.00000000e+00 0.00000000e+00  0.00000000e+00  0.00000000e+00  0.00000000e+00 0.00000000e+00  0.00000000e+00  0.00000000e+00  0.00000000e+00 0.00000000e+00  3.09815317e+00 -2.35226170e-01  0.00000000e+00 0.00000000e+00
0.00000000e+00  0.00000000e+00  0.00000000e+00  0.00000000e+00 0.00000000e+00  0.00000000e+00  0.00000000e+00  0.00000000e+00 0.00000000e+00  0.00000000e+00  0.00000000e+00  0.00000000e+00 0.00000000e+00  0.00000000e+00  0.00000000e+00  0.00000000e+00 0.00000000e+00 -2.35226170e-01  7.88779800e-02  0.00000000e+00 0.00000000e+00
0.00000000e+00  0.00000000e+00  0.00000000e+00  0.00000000e+00 0.00000000e+00  0.00000000e+00  0.00000000e+00  0.00000000e+00 0.00000000e+00  0.00000000e+00  0.00000000e+00  0.00000000e+00 0.00000000e+00  0.00000000e+00  0.00000000e+00  0.00000000e+00 0.00000000e+00  0.00000000e+00  0.00000000e+00  2.56045716e+00 -1.98239520e-01
0.00000000e+00  0.00000000e+00  0.00000000e+00  0.00000000e+00 0.00000000e+00  0.00000000e+00  0.00000000e+00  0.00000000e+00 0.00000000e+00  0.00000000e+00  0.00000000e+00  0.00000000e+00 0.00000000e+00  0.00000000e+00  0.00000000e+00  0.00000000e+00 0.00000000e+00  0.00000000e+00  0.00000000e+00 -1.98239520e-01 7.88779800e-02